<svg xmlns="http://www.w3.org/2000/svg" viewBox="0 -50 76.79 96.35">
	 <defs>
		<linearGradient id="bg-fire-1" x1="0%" y1="0%" x2="0%" y2="100%">
		  <stop offset="0%" stop-color="#e24223" />
		  <stop offset="100%" stop-color="#ff9e12" />
		</linearGradient>
		<linearGradient id="bg-fire-2" x1="0%" y1="0%" x2="0%" y2="100%">
		  <stop offset="0%" stop-color="#ff6700" />
		  <stop offset="100%" stop-color="#ffd400" />
		</linearGradient>
		<linearGradient id="fire-1" x1="0%" y1="0%" x2="0%" y2="100%">
		  <stop offset="0%" stop-color="#ffc306" />
		  <stop offset="100%" stop-color="#fffadc" />
		</linearGradient>
		<linearGradient id="fire-2" x1="0%" y1="0%" x2="0%" y2="100%">
		  <stop offset="0%" stop-color="#ffe212" />
		  <stop offset="100%" stop-color="#fffadc" />
		</linearGradient>
		<filter id="blur1" x="-50%" y="-50%" width="200%" height="200%">
		  <feGaussianBlur stdDeviation="0.7" />
		</filter>
		<filter id="blur2" x="-50%" y="-50%" width="200%" height="200%">
		  <feGaussianBlur stdDeviation="2" />
		</filter>
		<filter id="blur3" x="-50%" y="-50%" width="200%" height="200%">
		  <feGaussianBlur stdDeviation="3" />
		</filter>
		<filter id="blur5" x="-50%" y="-50%" width="200%" height="200%">
		  <feGaussianBlur stdDeviation="5" />
		</filter>
		<filter id="blur8" x="-50%" y="-50%" width="200%" height="200%">
		  <feGaussianBlur stdDeviation="8" />
		</filter>

	  </defs>
	<g transform="scale(0.4) translate(50 -80)" >

		<polygon filter="url(#blur8)" transform="scale(1.2, 1.1) translate(0 -10)" points="32.53 2.75 39.03 7.82 46.51 16.4 52.24 28.07 53.67 40.4 59.28 34.57 63.69 27.74 68.73 34.53 72.83 43.49 76.79 63.41 75.03 81.69 67.98 95.01 55.98 103.38 39.14 106.35 22.62 102.83 7.93 94.29 3.08 88.13 0 77.78 0 64.4 1.49 51.19 6.99 42.38 10.95 37.98 17.34 31.93 18.44 36.55 20.31 40.95 24.05 45.8 29.45 29.84 29.78 16.95 26.37 0 32.53 2.75" 
		fill="url(#bg-fire-1)"
		style="opacity:1;transform-origin:center;opacity: 0.3;">
		   <animate
			  attributeName="points"
			  dur="3s"
			  repeatCount="indefinite"
			  values="
				32.53 2.75 39.03 7.82 46.51 16.4 52.24 28.07 53.67 40.4 59.28 34.57 63.69 27.74 68.73 34.53 72.83 43.49 76.79 63.41 75.03 81.69 67.98 95.01 55.98 103.38 39.14 106.35 22.62 102.83 7.93 94.29 3.08 88.13 0 77.78 0 64.4 1.49 51.19 6.99 42.38 10.95 37.98 17.34 31.93 18.44 36.55 20.31 40.95 24.05 45.8 29.45 29.84 29.78 16.95 26.37 0 32.53 2.75;
				36.27 0 46.27 3.72 55.27 11.56 61.71 23.37 63.69 32.04 64.84 40.29 66.83 35.17 69.88 36.66 75.41 43.27 78.88 52.93 78.88 66.3 74.26 86.04 67.82 99.08 56.17 108.58 38.51 110.97 23.23 108.41 11.75 103.13 0.44 91.65 0 75.88 2.09 64.57 9.11 49.38 13.73 43.51 24.22 32.53 24.91 40.02 27.19 45.49 32.39 48.05 38.75 40.54 44.12 28.4 43.54 16.27 36.27 0;
				46.98 0 53.15 5.39 61.51 15.08 67.68 27.41 69 36.99 69.88 46.46 71.86 34.57 75.94 38.31 79.35 44.48 82.32 55.49 81.11 71.78 76.05 91.6 67.41 106.92 55.57 114.5 37.51 116.37 22.76 113.5 9.43 106.58 0.91 97.93 0 84.69 0.85 71.56 4.27 63.41 14.62 52.84 26.84 38.97 32.23 27.63 36.41 31.05 40.6 34.9 45.88 42.27 49.62 29.28 50.95 19.49 46.98 0;
				61.62 0 65.15 4.29 70.65 10.9 78.03 22.57 79.9 28.18 80.89 41.28 83.42 39.41 83.42 45.58 83.42 48.66 83.42 56.59 81.11 66.61 74.83 86.31 66.25 101.5 54.67 109.41 37.51 111.19 22.76 108.33 9.43 101.4 0.91 92.75 0 79.51 2.62 65.39 9.99 56.26 17.15 46.68 26.35 32.48 37.62 20.04 34.32 29.39 35.31 34.9 37.73 39.08 45.17 29.71 52.71 16.84 61.62 0;
				65.26 0 67.35 4.73 70.03 23.51 70.1 43.49 77.23 37.13 80.84 40.51 81.55 44.7 81.22 51.74 79.68 59.34 78.8 64.84 78.85 76.45 73.44 93.45 66.25 104.26 54.67 112.17 37.51 113.94 22.76 111.08 9.43 104.16 0.91 95.5 0 82.26 2.39 64.84 10.76 51.53 19.9 38.42 29.92 26.97 39.49 20.15 37.84 26.53 37.62 30.94 39.16 36 46.43 29.06 52.71 19.6 65.26 0;
				49.1 0 50.75 8.59 56.04 24 65.5 38.2 67.93 31.71 67.82 23.23 71.95 28.77 74.42 35.56 76.67 43.65 79.6 62.86 78.83 72.77 74.91 88.75 67.05 102.28 55.47 110.18 38.31 111.96 23.56 109.1 10.23 102.17 1.71 93.52 0 80.15 2.75 59.67 9.47 44.92 17.95 34.46 25.98 26.42 26.31 34.57 27.19 40.29 30.39 46.13 35.34 41.73 41.17 28.07 44.37 9.91 49.1 0;
				35.78 0 35.34 9.47 39.8 24.33 49.32 36.77 55.27 41.84 62.2 33.14 63.41 33.25 69.14 41.84 74.97 51.3 78.06 61.76 76.4 76.29 72.88 90.5 63.79 100.87 50.89 107.03 32.23 107.15 18.32 102.74 7.55 95.82 1.34 87.01 0 76.51 0.36 61.29 3.96 45.25 9.8 34.46 16.07 25.98 17.84 32.48 19.82 38.53 22.57 46.13 21.25 32.04 22.13 20.7 27.19 8.26 35.78 0;
				23.89 7.16 27.19 22.13 31.54 29.2 39.3 33.8 46.57 34.46 51.25 32.23 54.27 25.54 63.63 40.51 71.01 49.65 75.96 58.35 76.07 74.86 72.04 91.68 64.62 101.39 52.73 105.81 36.19 106.88 19.31 101.53 8.54 94.61 2.33 85.8 0.99 75.3 0 58.35 0.99 39.63 2.42 30.39 5.72 24.66 6.05 30.27 6.83 33.36 7.05 25.76 11.34 14.31 17.28 6.38 22.9 0 23.89 7.16;
				23.28 7.93 33.19 17.75 37.49 23.78 41.53 30.8 44.26 28.4 44.26 22.13 50.2 25.93 64.24 41.26 74.81 54.99 75.88 63.58 75.55 78.77 72.64 92.43 67.95 99.74 56.14 106.37 36.8 107.62 19.65 103.29 9.15 95.35 2.94 86.54 0.61 72.08 0 58.38 1.6 40.38 3.96 32.37 7.93 25.35 9.25 30.39 10.65 33.52 12.63 25.93 13.38 14.7 14.12 6.36 14.7 0 23.28 7.93;
				37.54 4.53 46.02 10.47 51.41 18.62 54.27 28.86 58.35 23.9 58.68 20.05 61.98 23.35 70.24 34.47 78.17 49.45 81.14 60.56 81.14 74.77 77.17 85.67 69.66 94.61 57.84 101.24 41.06 103.61 25 100.74 11.12 92.71 4.64 81.41 0 67.17 0.66 54.84 5.39 41.08 10.13 30.4 16.51 24.45 16.95 28.31 16.84 34.03 23.12 23.57 25.54 15.54 26.2 7.61 25.84 0 37.54 4.53;
				32.53 2.75 39.03 7.82 46.51 16.4 52.24 28.07 53.67 40.4 59.28 34.57 63.69 27.74 68.73 34.53 72.83 43.49 76.79 63.41 75.03 81.69 67.98 95.01 55.98 103.38 39.14 106.35 22.62 102.83 7.93 94.29 3.08 88.13 0 77.78 0 64.4 1.49 51.19 6.99 42.38 10.95 37.98 17.34 31.93 18.44 36.55 20.31 40.95 24.05 45.8 29.45 29.84 29.78 16.95 26.37 0 32.53 2.75" />
				<animateTransform attributeName="transform"
					 type="scale"
					 begin="0s"
					 dur="2s"
					 repeatCount="indefinite"
					 values="1.2 1.1; 1.2 1.2; 1.2 1; 1.2 1.1"
					 fill="freeze"
					/>
		</polygon>
		
		<polygon transform="scale(1.2, 1.1) translate(0 -10)" points="32.53 2.75 39.03 7.82 46.51 16.4 52.24 28.07 53.67 40.4 59.28 34.57 63.69 27.74 68.73 34.53 72.83 43.49 76.79 63.41 75.03 81.69 67.98 95.01 55.98 103.38 39.14 106.35 22.62 102.83 7.93 94.29 3.08 88.13 0 77.78 0 64.4 1.49 51.19 6.99 42.38 10.95 37.98 17.34 31.93 18.44 36.55 20.31 40.95 24.05 45.8 29.45 29.84 29.78 16.95 26.37 0 32.53 2.75" 
		fill="url(#bg-fire-1)"
		style="opacity:1;transform-origin:center;">
		   <animate
			  attributeName="points"
			  dur="3s"
			  repeatCount="indefinite"
			  values="
				32.53 2.75 39.03 7.82 46.51 16.4 52.24 28.07 53.67 40.4 59.28 34.57 63.69 27.74 68.73 34.53 72.83 43.49 76.79 63.41 75.03 81.69 67.98 95.01 55.98 103.38 39.14 106.35 22.62 102.83 7.93 94.29 3.08 88.13 0 77.78 0 64.4 1.49 51.19 6.99 42.38 10.95 37.98 17.34 31.93 18.44 36.55 20.31 40.95 24.05 45.8 29.45 29.84 29.78 16.95 26.37 0 32.53 2.75;
				36.27 0 46.27 3.72 55.27 11.56 61.71 23.37 63.69 32.04 64.84 40.29 66.83 35.17 69.88 36.66 75.41 43.27 78.88 52.93 78.88 66.3 74.26 86.04 67.82 99.08 56.17 108.58 38.51 110.97 23.23 108.41 11.75 103.13 0.44 91.65 0 75.88 2.09 64.57 9.11 49.38 13.73 43.51 24.22 32.53 24.91 40.02 27.19 45.49 32.39 48.05 38.75 40.54 44.12 28.4 43.54 16.27 36.27 0;
				46.98 0 53.15 5.39 61.51 15.08 67.68 27.41 69 36.99 69.88 46.46 71.86 34.57 75.94 38.31 79.35 44.48 82.32 55.49 81.11 71.78 76.05 91.6 67.41 106.92 55.57 114.5 37.51 116.37 22.76 113.5 9.43 106.58 0.91 97.93 0 84.69 0.85 71.56 4.27 63.41 14.62 52.84 26.84 38.97 32.23 27.63 36.41 31.05 40.6 34.9 45.88 42.27 49.62 29.28 50.95 19.49 46.98 0;
				61.62 0 65.15 4.29 70.65 10.9 78.03 22.57 79.9 28.18 80.89 41.28 83.42 39.41 83.42 45.58 83.42 48.66 83.42 56.59 81.11 66.61 74.83 86.31 66.25 101.5 54.67 109.41 37.51 111.19 22.76 108.33 9.43 101.4 0.91 92.75 0 79.51 2.62 65.39 9.99 56.26 17.15 46.68 26.35 32.48 37.62 20.04 34.32 29.39 35.31 34.9 37.73 39.08 45.17 29.71 52.71 16.84 61.62 0;
				65.26 0 67.35 4.73 70.03 23.51 70.1 43.49 77.23 37.13 80.84 40.51 81.55 44.7 81.22 51.74 79.68 59.34 78.8 64.84 78.85 76.45 73.44 93.45 66.25 104.26 54.67 112.17 37.51 113.94 22.76 111.08 9.43 104.16 0.91 95.5 0 82.26 2.39 64.84 10.76 51.53 19.9 38.42 29.92 26.97 39.49 20.15 37.84 26.53 37.62 30.94 39.16 36 46.43 29.06 52.71 19.6 65.26 0;
				49.1 0 50.75 8.59 56.04 24 65.5 38.2 67.93 31.71 67.82 23.23 71.95 28.77 74.42 35.56 76.67 43.65 79.6 62.86 78.83 72.77 74.91 88.75 67.05 102.28 55.47 110.18 38.31 111.96 23.56 109.1 10.23 102.17 1.71 93.52 0 80.15 2.75 59.67 9.47 44.92 17.95 34.46 25.98 26.42 26.31 34.57 27.19 40.29 30.39 46.13 35.34 41.73 41.17 28.07 44.37 9.91 49.1 0;
				35.78 0 35.34 9.47 39.8 24.33 49.32 36.77 55.27 41.84 62.2 33.14 63.41 33.25 69.14 41.84 74.97 51.3 78.06 61.76 76.4 76.29 72.88 90.5 63.79 100.87 50.89 107.03 32.23 107.15 18.32 102.74 7.55 95.82 1.34 87.01 0 76.51 0.36 61.29 3.96 45.25 9.8 34.46 16.07 25.98 17.84 32.48 19.82 38.53 22.57 46.13 21.25 32.04 22.13 20.7 27.19 8.26 35.78 0;
				23.89 7.16 27.19 22.13 31.54 29.2 39.3 33.8 46.57 34.46 51.25 32.23 54.27 25.54 63.63 40.51 71.01 49.65 75.96 58.35 76.07 74.86 72.04 91.68 64.62 101.39 52.73 105.81 36.19 106.88 19.31 101.53 8.54 94.61 2.33 85.8 0.99 75.3 0 58.35 0.99 39.63 2.42 30.39 5.72 24.66 6.05 30.27 6.83 33.36 7.05 25.76 11.34 14.31 17.28 6.38 22.9 0 23.89 7.16;
				23.28 7.93 33.19 17.75 37.49 23.78 41.53 30.8 44.26 28.4 44.26 22.13 50.2 25.93 64.24 41.26 74.81 54.99 75.88 63.58 75.55 78.77 72.64 92.43 67.95 99.74 56.14 106.37 36.8 107.62 19.65 103.29 9.15 95.35 2.94 86.54 0.61 72.08 0 58.38 1.6 40.38 3.96 32.37 7.93 25.35 9.25 30.39 10.65 33.52 12.63 25.93 13.38 14.7 14.12 6.36 14.7 0 23.28 7.93;
				37.54 4.53 46.02 10.47 51.41 18.62 54.27 28.86 58.35 23.9 58.68 20.05 61.98 23.35 70.24 34.47 78.17 49.45 81.14 60.56 81.14 74.77 77.17 85.67 69.66 94.61 57.84 101.24 41.06 103.61 25 100.74 11.12 92.71 4.64 81.41 0 67.17 0.66 54.84 5.39 41.08 10.13 30.4 16.51 24.45 16.95 28.31 16.84 34.03 23.12 23.57 25.54 15.54 26.2 7.61 25.84 0 37.54 4.53;
				32.53 2.75 39.03 7.82 46.51 16.4 52.24 28.07 53.67 40.4 59.28 34.57 63.69 27.74 68.73 34.53 72.83 43.49 76.79 63.41 75.03 81.69 67.98 95.01 55.98 103.38 39.14 106.35 22.62 102.83 7.93 94.29 3.08 88.13 0 77.78 0 64.4 1.49 51.19 6.99 42.38 10.95 37.98 17.34 31.93 18.44 36.55 20.31 40.95 24.05 45.8 29.45 29.84 29.78 16.95 26.37 0 32.53 2.75" />
				<animateTransform attributeName="transform"
					 type="scale"
					 begin="0s"
					 dur="2s"
					 repeatCount="indefinite"
					 values="1.2 1.1; 1.2 1.2; 1.2 1; 1.2 1.1"
					 fill="freeze"
					/>
		</polygon>
		<g transform="rotate(10) translate(10 10)" filter="url(#blur2)" style="transform-origin:center;">
			<polygon points="32.53 2.75 39.03 7.82 46.51 16.4 52.24 28.07 53.67 40.4 59.28 34.57 63.69 27.74 68.73 34.53 72.83 43.49 76.79 63.41 75.03 81.69 67.98 95.01 55.98 103.38 39.14 106.35 22.62 102.83 7.93 94.29 3.08 88.13 0 77.78 0 64.4 1.49 51.19 6.99 42.38 10.95 37.98 17.34 31.93 18.44 36.55 20.31 40.95 24.05 45.8 29.45 29.84 29.78 16.95 26.37 0 32.53 2.75" 
			fill="url(#bg-fire-2)"
			style="opacity:1;transform-origin:center;">
			   <animate
				  attributeName="points"
				  dur="1.6s"
				  repeatCount="indefinite"
				  values="
					32.53 2.75 39.03 7.82 46.51 16.4 52.24 28.07 53.67 40.4 59.28 34.57 63.69 27.74 68.73 34.53 72.83 43.49 76.79 63.41 75.03 81.69 67.98 95.01 55.98 103.38 39.14 106.35 22.62 102.83 7.93 94.29 3.08 88.13 0 77.78 0 64.4 1.49 51.19 6.99 42.38 10.95 37.98 17.34 31.93 18.44 36.55 20.31 40.95 24.05 45.8 29.45 29.84 29.78 16.95 26.37 0 32.53 2.75;
					36.27 0 46.27 3.72 55.27 11.56 61.71 23.37 63.69 32.04 64.84 40.29 66.83 35.17 69.88 36.66 75.41 43.27 78.88 52.93 78.88 66.3 74.26 86.04 67.82 99.08 56.17 108.58 38.51 110.97 23.23 108.41 11.75 103.13 0.44 91.65 0 75.88 2.09 64.57 9.11 49.38 13.73 43.51 24.22 32.53 24.91 40.02 27.19 45.49 32.39 48.05 38.75 40.54 44.12 28.4 43.54 16.27 36.27 0;
					46.98 0 53.15 5.39 61.51 15.08 67.68 27.41 69 36.99 69.88 46.46 71.86 34.57 75.94 38.31 79.35 44.48 82.32 55.49 81.11 71.78 76.05 91.6 67.41 106.92 55.57 114.5 37.51 116.37 22.76 113.5 9.43 106.58 0.91 97.93 0 84.69 0.85 71.56 4.27 63.41 14.62 52.84 26.84 38.97 32.23 27.63 36.41 31.05 40.6 34.9 45.88 42.27 49.62 29.28 50.95 19.49 46.98 0;
					61.62 0 65.15 4.29 70.65 10.9 78.03 22.57 79.9 28.18 80.89 41.28 83.42 39.41 83.42 45.58 83.42 48.66 83.42 56.59 81.11 66.61 74.83 86.31 66.25 101.5 54.67 109.41 37.51 111.19 22.76 108.33 9.43 101.4 0.91 92.75 0 79.51 2.62 65.39 9.99 56.26 17.15 46.68 26.35 32.48 37.62 20.04 34.32 29.39 35.31 34.9 37.73 39.08 45.17 29.71 52.71 16.84 61.62 0;
					65.26 0 67.35 4.73 70.03 23.51 70.1 43.49 77.23 37.13 80.84 40.51 81.55 44.7 81.22 51.74 79.68 59.34 78.8 64.84 78.85 76.45 73.44 93.45 66.25 104.26 54.67 112.17 37.51 113.94 22.76 111.08 9.43 104.16 0.91 95.5 0 82.26 2.39 64.84 10.76 51.53 19.9 38.42 29.92 26.97 39.49 20.15 37.84 26.53 37.62 30.94 39.16 36 46.43 29.06 52.71 19.6 65.26 0;
					49.1 0 50.75 8.59 56.04 24 65.5 38.2 67.93 31.71 67.82 23.23 71.95 28.77 74.42 35.56 76.67 43.65 79.6 62.86 78.83 72.77 74.91 88.75 67.05 102.28 55.47 110.18 38.31 111.96 23.56 109.1 10.23 102.17 1.71 93.52 0 80.15 2.75 59.67 9.47 44.92 17.95 34.46 25.98 26.42 26.31 34.57 27.19 40.29 30.39 46.13 35.34 41.73 41.17 28.07 44.37 9.91 49.1 0;
					35.78 0 35.34 9.47 39.8 24.33 49.32 36.77 55.27 41.84 62.2 33.14 63.41 33.25 69.14 41.84 74.97 51.3 78.06 61.76 76.4 76.29 72.88 90.5 63.79 100.87 50.89 107.03 32.23 107.15 18.32 102.74 7.55 95.82 1.34 87.01 0 76.51 0.36 61.29 3.96 45.25 9.8 34.46 16.07 25.98 17.84 32.48 19.82 38.53 22.57 46.13 21.25 32.04 22.13 20.7 27.19 8.26 35.78 0;
					23.89 7.16 27.19 22.13 31.54 29.2 39.3 33.8 46.57 34.46 51.25 32.23 54.27 25.54 63.63 40.51 71.01 49.65 75.96 58.35 76.07 74.86 72.04 91.68 64.62 101.39 52.73 105.81 36.19 106.88 19.31 101.53 8.54 94.61 2.33 85.8 0.99 75.3 0 58.35 0.99 39.63 2.42 30.39 5.72 24.66 6.05 30.27 6.83 33.36 7.05 25.76 11.34 14.31 17.28 6.38 22.9 0 23.89 7.16;
					23.28 7.93 33.19 17.75 37.49 23.78 41.53 30.8 44.26 28.4 44.26 22.13 50.2 25.93 64.24 41.26 74.81 54.99 75.88 63.58 75.55 78.77 72.64 92.43 67.95 99.74 56.14 106.37 36.8 107.62 19.65 103.29 9.15 95.35 2.94 86.54 0.61 72.08 0 58.38 1.6 40.38 3.96 32.37 7.93 25.35 9.25 30.39 10.65 33.52 12.63 25.93 13.38 14.7 14.12 6.36 14.7 0 23.28 7.93;
					37.54 4.53 46.02 10.47 51.41 18.62 54.27 28.86 58.35 23.9 58.68 20.05 61.98 23.35 70.24 34.47 78.17 49.45 81.14 60.56 81.14 74.77 77.17 85.67 69.66 94.61 57.84 101.24 41.06 103.61 25 100.74 11.12 92.71 4.64 81.41 0 67.17 0.66 54.84 5.39 41.08 10.13 30.4 16.51 24.45 16.95 28.31 16.84 34.03 23.12 23.57 25.54 15.54 26.2 7.61 25.84 0 37.54 4.53;
					32.53 2.75 39.03 7.82 46.51 16.4 52.24 28.07 53.67 40.4 59.28 34.57 63.69 27.74 68.73 34.53 72.83 43.49 76.79 63.41 75.03 81.69 67.98 95.01 55.98 103.38 39.14 106.35 22.62 102.83 7.93 94.29 3.08 88.13 0 77.78 0 64.4 1.49 51.19 6.99 42.38 10.95 37.98 17.34 31.93 18.44 36.55 20.31 40.95 24.05 45.8 29.45 29.84 29.78 16.95 26.37 0 32.53 2.75" />
				<animateTransform attributeName="transform"
					 type="scale"
					 dur="3.2s"
					 repeatCount="indefinite"
					 values="1 1; 1 1.1; 1 1"
					 fill="freeze"
					/>
			</polygon>
		</g>
		<g transform="rotate(-10) translate(0 20)" style="transform-origin:center;">
			<polygon filter="url(#blur2)" points="32.53 2.75 39.03 7.82 46.51 16.4 52.24 28.07 53.67 40.4 59.28 34.57 63.69 27.74 68.73 34.53 72.83 43.49 76.79 63.41 75.03 81.69 67.98 95.01 55.98 103.38 39.14 106.35 22.62 102.83 7.93 94.29 3.08 88.13 0 77.78 0 64.4 1.49 51.19 6.99 42.38 10.95 37.98 17.34 31.93 18.44 36.55 20.31 40.95 24.05 45.8 29.45 29.84 29.78 16.95 26.37 0 32.53 2.75" 
			fill="url(#bg-fire-2)"
			style="opacity:1;transform-origin:center;">
			   <animate
				  attributeName="points"
				  dur="1.6s"
				  repeatCount="indefinite"
				  values="
					32.53 2.75 39.03 7.82 46.51 16.4 52.24 28.07 53.67 40.4 59.28 34.57 63.69 27.74 68.73 34.53 72.83 43.49 76.79 63.41 75.03 81.69 67.98 95.01 55.98 103.38 39.14 106.35 22.62 102.83 7.93 94.29 3.08 88.13 0 77.78 0 64.4 1.49 51.19 6.99 42.38 10.95 37.98 17.34 31.93 18.44 36.55 20.31 40.95 24.05 45.8 29.45 29.84 29.78 16.95 26.37 0 32.53 2.75;
					37.54 4.53 46.02 10.47 51.41 18.62 54.27 28.86 58.35 23.9 58.68 20.05 61.98 23.35 70.24 34.47 78.17 49.45 81.14 60.56 81.14 74.77 77.17 85.67 69.66 94.61 57.84 101.24 41.06 103.61 25 100.74 11.12 92.71 4.64 81.41 0 67.17 0.66 54.84 5.39 41.08 10.13 30.4 16.51 24.45 16.95 28.31 16.84 34.03 23.12 23.57 25.54 15.54 26.2 7.61 25.84 0 37.54 4.53;
					23.28 7.93 33.19 17.75 37.49 23.78 41.53 30.8 44.26 28.4 44.26 22.13 50.2 25.93 64.24 41.26 74.81 54.99 75.88 63.58 75.55 78.77 72.64 92.43 67.95 99.74 56.14 106.37 36.8 107.62 19.65 103.29 9.15 95.35 2.94 86.54 0.61 72.08 0 58.38 1.6 40.38 3.96 32.37 7.93 25.35 9.25 30.39 10.65 33.52 12.63 25.93 13.38 14.7 14.12 6.36 14.7 0 23.28 7.93;
					23.89 7.16 27.19 22.13 31.54 29.2 39.3 33.8 46.57 34.46 51.25 32.23 54.27 25.54 63.63 40.51 71.01 49.65 75.96 58.35 76.07 74.86 72.04 91.68 64.62 101.39 52.73 105.81 36.19 106.88 19.31 101.53 8.54 94.61 2.33 85.8 0.99 75.3 0 58.35 0.99 39.63 2.42 30.39 5.72 24.66 6.05 30.27 6.83 33.36 7.05 25.76 11.34 14.31 17.28 6.38 22.9 0 23.89 7.16;
					35.78 0 35.34 9.47 39.8 24.33 49.32 36.77 55.27 41.84 62.2 33.14 63.41 33.25 69.14 41.84 74.97 51.3 78.06 61.76 76.4 76.29 72.88 90.5 63.79 100.87 50.89 107.03 32.23 107.15 18.32 102.74 7.55 95.82 1.34 87.01 0 76.51 0.36 61.29 3.96 45.25 9.8 34.46 16.07 25.98 17.84 32.48 19.82 38.53 22.57 46.13 21.25 32.04 22.13 20.7 27.19 8.26 35.78 0;
					49.1 0 50.75 8.59 56.04 24 65.5 38.2 67.93 31.71 67.82 23.23 71.95 28.77 74.42 35.56 76.67 43.65 79.6 62.86 78.83 72.77 74.91 88.75 67.05 102.28 55.47 110.18 38.31 111.96 23.56 109.1 10.23 102.17 1.71 93.52 0 80.15 2.75 59.67 9.47 44.92 17.95 34.46 25.98 26.42 26.31 34.57 27.19 40.29 30.39 46.13 35.34 41.73 41.17 28.07 44.37 9.91 49.1 0;
					65.26 0 67.35 4.73 70.03 23.51 70.1 43.49 77.23 37.13 80.84 40.51 81.55 44.7 81.22 51.74 79.68 59.34 78.8 64.84 78.85 76.45 73.44 93.45 66.25 104.26 54.67 112.17 37.51 113.94 22.76 111.08 9.43 104.16 0.91 95.5 0 82.26 2.39 64.84 10.76 51.53 19.9 38.42 29.92 26.97 39.49 20.15 37.84 26.53 37.62 30.94 39.16 36 46.43 29.06 52.71 19.6 65.26 0;
					61.62 0 65.15 4.29 70.65 10.9 78.03 22.57 79.9 28.18 80.89 41.28 83.42 39.41 83.42 45.58 83.42 48.66 83.42 56.59 81.11 66.61 74.83 86.31 66.25 101.5 54.67 109.41 37.51 111.19 22.76 108.33 9.43 101.4 0.91 92.75 0 79.51 2.62 65.39 9.99 56.26 17.15 46.68 26.35 32.48 37.62 20.04 34.32 29.39 35.31 34.9 37.73 39.08 45.17 29.71 52.71 16.84 61.62 0;
					46.98 0 53.15 5.39 61.51 15.08 67.68 27.41 69 36.99 69.88 46.46 71.86 34.57 75.94 38.31 79.35 44.48 82.32 55.49 81.11 71.78 76.05 91.6 67.41 106.92 55.57 114.5 37.51 116.37 22.76 113.5 9.43 106.58 0.91 97.93 0 84.69 0.85 71.56 4.27 63.41 14.62 52.84 26.84 38.97 32.23 27.63 36.41 31.05 40.6 34.9 45.88 42.27 49.62 29.28 50.95 19.49 46.98 0;
					36.27 0 46.27 3.72 55.27 11.56 61.71 23.37 63.69 32.04 64.84 40.29 66.83 35.17 69.88 36.66 75.41 43.27 78.88 52.93 78.88 66.3 74.26 86.04 67.82 99.08 56.17 108.58 38.51 110.97 23.23 108.41 11.75 103.13 0.44 91.65 0 75.88 2.09 64.57 9.11 49.38 13.73 43.51 24.22 32.53 24.91 40.02 27.19 45.49 32.39 48.05 38.75 40.54 44.12 28.4 43.54 16.27 36.27 0;
					32.53 2.75 39.03 7.82 46.51 16.4 52.24 28.07 53.67 40.4 59.28 34.57 63.69 27.74 68.73 34.53 72.83 43.49 76.79 63.41 75.03 81.69 67.98 95.01 55.98 103.38 39.14 106.35 22.62 102.83 7.93 94.29 3.08 88.13 0 77.78 0 64.4 1.49 51.19 6.99 42.38 10.95 37.98 17.34 31.93 18.44 36.55 20.31 40.95 24.05 45.8 29.45 29.84 29.78 16.95 26.37 0 32.53 2.75;" />
				<animateTransform attributeName="transform"
					 type="scale"
					 begin="2s"
					 dur="4s"
					 repeatCount="indefinite"
					 values="1.1 1; 1 0.7; 1.1 1"
					 fill="freeze"
					/>
			</polygon>
		</g>
		
		<!--<g transform="translate(20 75) scale(1 1.5)" style="transform-origin:center;" fill="url(#fire-1)">
			<animateTransform attributeName="transform"
					 type="translate"
					 begin="0s"
					 dur="2.5s"
					 keyTimes="0; 1; 2.5"
					 repeatCount="indefinite"
					 values="20 45; 20 105; 20 35"
					 fill="freeze"
					/>
			<polygon transform="scale(1.2)"	points="5.95 35.42 3.63 37.82 1.49 43.18 0 51.44 0.99 57.63 2.48 61.43 5.45 64.73 8.67 67.65 13.46 69.52 19.57 70.43 28.65 70.84 33.94 70.35 38.56 68.28 41.2 65.15 45.25 58.05 46.32 52.84 45.58 48.05 43.43 42.03 36.74 32.84 31.38 26.09 28.98 18.33 28.73 11.72 29.97 6.19 31.46 1.24 31.46 0 30.22 0 24.85 4.54 19.24 10.98 15.11 19.9 12.8 28.82 13.62 36.41 15.94 42.11 14.78 44.84 12.97 44.79 9.99 43.35 7.02 39.38 5.95 35.42" style="transform-origin:center;">

				<animate
					  attributeName="points"
					  dur="2.5s"
					  repeatCount="indefinite"
					  values="
						5.95 35.42 3.63 37.82 1.49 43.18 0 51.44 0.99 57.63 2.48 61.43 5.45 64.73 8.67 67.65 13.46 69.52 19.57 70.43 28.65 70.84 33.94 70.35 38.56 68.28 41.2 65.15 45.25 58.05 46.32 52.84 45.58 48.05 43.43 42.03 36.74 32.84 31.38 26.09 28.98 18.33 28.73 11.72 29.97 6.19 31.46 1.24 31.46 0 30.22 0 24.85 4.54 19.24 10.98 15.11 19.9 12.8 28.82 13.62 36.41 15.94 42.11 14.78 44.84 12.97 44.79 9.99 43.35 7.02 39.38 5.95 35.42;
						7.49 29.61 6.11 30.88 5.23 36.11 1.38 46.02 0 52.73 1.61 60.91 5.09 66.8 8.31 69.71 13.1 71.59 19.21 72.5 28.29 72.91 33.58 72.41 37.82 70.24 40.35 67.16 44.42 60 45.96 54.91 46.29 50.31 45.96 45.52 44.04 39.69 41.34 33.25 38.97 26.81 36.38 19.38 33.3 9.52 31.87 3.14 30.77 0 29.67 0.22 28.13 3.41 26.48 8.15 25.76 15.96 25.65 22.9 27.36 29.12 27.41 34.46 25.71 37.1 20.97 38.2 14.59 35.39 10.13 30.72 7.49 29.61;
						9.72 6.7 6.11 10.02 5.23 15.25 1.38 25.16 0 31.87 1.61 40.05 5.09 45.94 8.81 48.16 14.2 50.37 21.58 51.25 28.29 52.05 34.02 50.81 37.82 49.38 40.35 46.29 44.42 39.14 45.96 34.05 46.29 29.45 45.96 24.66 44.04 18.82 42.49 16.57 40.62 12.38 39.08 9.74 38.2 7.1 36.99 5.12 35.56 2.15 34.35 0.71 32.82 0 30.14 1.92 29.06 4.79 27.96 9.24 25.21 9.24 24.22 11.94 23.67 15.59 19.4 16.65 14.59 14.53 12.77 8.09 9.72 6.7;
						17.61 0.88 16.29 0 10.24 7.93 4.95 18.39 1.32 29.5 0 40.4 4.87 54.03 8.59 56.26 13.98 58.46 21.36 59.34 28.07 60.14 33.8 58.9 37.6 57.47 40.13 54.38 44.2 47.23 45.74 42.14 46.07 37.54 45.84 34.13 44.51 29.02 42.27 24.66 40.89 21.57 39.96 18.61 38.75 16.45 36.99 14.42 34.57 12.88 32.92 12.33 31.82 11.12 29.24 11.83 28.27 15.21 27.52 18.22 22.79 19.93 20.92 24.22 16.62 24.22 14.64 17.95 14.53 11.34 18.16 3.3 17.61 0.88;
						12.42 23.23 10.88 24.55 8.46 28.84 4.39 34.57 0.53 42.72 0 53.83 2.43 60.63 6.15 62.86 11.54 65.06 18.92 65.94 25.64 66.74 31.36 65.5 35.16 64.07 39.51 62.09 43.63 56.26 44.79 49.54 44.82 44.38 44.59 40.96 44.24 37.98 43.11 34.03 41.5 30.88 39.74 27.03 36.31 24.66 33.89 20.26 33.12 12.99 32.13 2.09 30.04 0 27.18 2.2 22.77 12.88 20.13 17.17 18.04 21.8 16.94 27.74 16.28 31.93 14.63 32.92 13.74 30.83 13.63 23.94 12.42 23.23;
						11.04 25.81 9.03 25.87 6.72 27.79 3.63 33.91 0.79 42.38 0 52.51 3.22 64.49 6.94 66.72 12.33 68.92 19.71 69.8 26.42 70.6 32.15 69.36 35.95 67.93 40.29 65.94 44.42 60.11 45.58 53.39 45.61 48.23 45.49 46.55 44.26 44.04 42.38 40.51 40.07 36.55 33.69 27.08 29.28 20.15 28.84 12.22 31.6 4.29 32.45 0.75 30.72 0 25.1 4.95 21.14 11.34 18.83 17.39 16.62 23.45 15.96 29.28 17.06 35.78 15.41 36.77 12.99 34.13 11.89 29.5 11.04 25.81;
						5.95 35.42 3.63 37.82 1.49 43.18 0 51.44 0.99 57.63 2.48 61.43 5.45 64.73 8.67 67.65 13.46 69.52 19.57 70.43 28.65 70.84 33.94 70.35 38.56 68.28 41.2 65.15 45.25 58.05 46.32 52.84 45.58 48.05 43.43 42.03 36.74 32.84 31.38 26.09 28.98 18.33 28.73 11.72 29.97 6.19 31.46 1.24 31.46 0 30.22 0 24.85 4.54 19.24 10.98 15.11 19.9 12.8 28.82 13.62 36.41 15.94 42.11 14.78 44.84 12.97 44.79 9.99 43.35 7.02 39.38 5.95 35.42" />
				<animateTransform attributeName="transform"
					 type="scale"
					 begin="0s"
					 dur="1s"
					 repeatCount="indefinite"
					 values="1.4 1; 0.8 1.2; 1.4 1"
					 fill="freeze"
					/>
			</polygon>
		</g>-->
		
		
				<g transform="translate(-10 35) scale(-1.1 1.4)" style="transform-origin:center;" fill="url(#fire-2)" >
			<animateTransform attributeName="transform"
					 type="translate"
					 begin="0s"
					 dur="2.5s"
					 keyTimes="0; 1; 2.5"
					 repeatCount="indefinite"
					 values="20 45; 20 105; 20 35"
					 fill="freeze"
					/>
			<polygon transform="scale(1.2 1.1)" filter="url(#blur5)"	points="5.95 35.42 3.63 37.82 1.49 43.18 0 51.44 0.99 57.63 2.48 61.43 5.45 64.73 8.67 67.65 13.46 69.52 19.57 70.43 28.65 70.84 33.94 70.35 38.56 68.28 41.2 65.15 45.25 58.05 46.32 52.84 45.58 48.05 43.43 42.03 36.74 32.84 31.38 26.09 28.98 18.33 28.73 11.72 29.97 6.19 31.46 1.24 31.46 0 30.22 0 24.85 4.54 19.24 10.98 15.11 19.9 12.8 28.82 13.62 36.41 15.94 42.11 14.78 44.84 12.97 44.79 9.99 43.35 7.02 39.38 5.95 35.42" style="transform-origin:center;">

				<animate
					  attributeName="points"
					  dur="1.5s"
					  repeatCount="indefinite"
					  values="
						5.95 35.42 3.63 37.82 1.49 43.18 0 51.44 0.99 57.63 2.48 61.43 5.45 64.73 8.67 67.65 13.46 69.52 19.57 70.43 28.65 70.84 33.94 70.35 38.56 68.28 41.2 65.15 45.25 58.05 46.32 52.84 45.58 48.05 43.43 42.03 36.74 32.84 31.38 26.09 28.98 18.33 28.73 11.72 29.97 6.19 31.46 1.24 31.46 0 30.22 0 24.85 4.54 19.24 10.98 15.11 19.9 12.8 28.82 13.62 36.41 15.94 42.11 14.78 44.84 12.97 44.79 9.99 43.35 7.02 39.38 5.95 35.42;
						7.49 29.61 6.11 30.88 5.23 36.11 1.38 46.02 0 52.73 1.61 60.91 5.09 66.8 8.31 69.71 13.1 71.59 19.21 72.5 28.29 72.91 33.58 72.41 37.82 70.24 40.35 67.16 44.42 60 45.96 54.91 46.29 50.31 45.96 45.52 44.04 39.69 41.34 33.25 38.97 26.81 36.38 19.38 33.3 9.52 31.87 3.14 30.77 0 29.67 0.22 28.13 3.41 26.48 8.15 25.76 15.96 25.65 22.9 27.36 29.12 27.41 34.46 25.71 37.1 20.97 38.2 14.59 35.39 10.13 30.72 7.49 29.61;
						12.42 23.23 10.88 24.55 8.46 28.84 4.39 34.57 0.53 42.72 0 53.83 2.43 60.63 6.15 62.86 11.54 65.06 18.92 65.94 25.64 66.74 31.36 65.5 35.16 64.07 39.51 62.09 43.63 56.26 44.79 49.54 44.82 44.38 44.59 40.96 44.24 37.98 43.11 34.03 41.5 30.88 39.74 27.03 36.31 24.66 33.89 20.26 33.12 12.99 32.13 2.09 30.04 0 27.18 2.2 22.77 12.88 20.13 17.17 18.04 21.8 16.94 27.74 16.28 31.93 14.63 32.92 13.74 30.83 13.63 23.94 12.42 23.23;
						11.04 25.81 9.03 25.87 6.72 27.79 3.63 33.91 0.79 42.38 0 52.51 3.22 64.49 6.94 66.72 12.33 68.92 19.71 69.8 26.42 70.6 32.15 69.36 35.95 67.93 40.29 65.94 44.42 60.11 45.58 53.39 45.61 48.23 45.49 46.55 44.26 44.04 42.38 40.51 40.07 36.55 33.69 27.08 29.28 20.15 28.84 12.22 31.6 4.29 32.45 0.75 30.72 0 25.1 4.95 21.14 11.34 18.83 17.39 16.62 23.45 15.96 29.28 17.06 35.78 15.41 36.77 12.99 34.13 11.89 29.5 11.04 25.81;
						5.95 35.42 3.63 37.82 1.49 43.18 0 51.44 0.99 57.63 2.48 61.43 5.45 64.73 8.67 67.65 13.46 69.52 19.57 70.43 28.65 70.84 33.94 70.35 38.56 68.28 41.2 65.15 45.25 58.05 46.32 52.84 45.58 48.05 43.43 42.03 36.74 32.84 31.38 26.09 28.98 18.33 28.73 11.72 29.97 6.19 31.46 1.24 31.46 0 30.22 0 24.85 4.54 19.24 10.98 15.11 19.9 12.8 28.82 13.62 36.41 15.94 42.11 14.78 44.84 12.97 44.79 9.99 43.35 7.02 39.38 5.95 35.42" />
				<!--<animateTransform attributeName="transform"
					 type="scale"
					 begin="0s"
					 dur="2s"
					 repeatCount="indefinite"
					 values="1.2 1; 0.8 1.2; 1.2 1"
					 fill="freeze"
					/>-->
			</polygon>
			
			
		</g>
		
						<g transform="translate(-15 50) scale(-1.1 1.3)" style="transform-origin:center;" fill="url(#fire-2)">


					<g>

			<polygon transform="scale(1)" filter="url(#blur1)"	points="5.95 35.42 3.63 37.82 1.49 43.18 0 51.44 0.99 57.63 2.48 61.43 5.45 64.73 8.67 67.65 13.46 69.52 19.57 70.43 28.65 70.84 33.94 70.35 38.56 68.28 41.2 65.15 45.25 58.05 46.32 52.84 45.58 48.05 43.43 42.03 36.74 32.84 31.38 26.09 28.98 18.33 28.73 11.72 29.97 6.19 31.46 1.24 31.46 0 30.22 0 24.85 4.54 19.24 10.98 15.11 19.9 12.8 28.82 13.62 36.41 15.94 42.11 14.78 44.84 12.97 44.79 9.99 43.35 7.02 39.38 5.95 35.42" style="transform-origin:center;">

				<animate
					  attributeName="points"
					  dur="1.5s"
					  repeatCount="indefinite"
					  values="
						5.95 35.42 3.63 37.82 1.49 43.18 0 51.44 0.99 57.63 2.48 61.43 5.45 64.73 8.67 67.65 13.46 69.52 19.57 70.43 28.65 70.84 33.94 70.35 38.56 68.28 41.2 65.15 45.25 58.05 46.32 52.84 45.58 48.05 43.43 42.03 36.74 32.84 31.38 26.09 28.98 18.33 28.73 11.72 29.97 6.19 31.46 1.24 31.46 0 30.22 0 24.85 4.54 19.24 10.98 15.11 19.9 12.8 28.82 13.62 36.41 15.94 42.11 14.78 44.84 12.97 44.79 9.99 43.35 7.02 39.38 5.95 35.42;
						7.49 29.61 6.11 30.88 5.23 36.11 1.38 46.02 0 52.73 1.61 60.91 5.09 66.8 8.31 69.71 13.1 71.59 19.21 72.5 28.29 72.91 33.58 72.41 37.82 70.24 40.35 67.16 44.42 60 45.96 54.91 46.29 50.31 45.96 45.52 44.04 39.69 41.34 33.25 38.97 26.81 36.38 19.38 33.3 9.52 31.87 3.14 30.77 0 29.67 0.22 28.13 3.41 26.48 8.15 25.76 15.96 25.65 22.9 27.36 29.12 27.41 34.46 25.71 37.1 20.97 38.2 14.59 35.39 10.13 30.72 7.49 29.61;
						12.42 23.23 10.88 24.55 8.46 28.84 4.39 34.57 0.53 42.72 0 53.83 2.43 60.63 6.15 62.86 11.54 65.06 18.92 65.94 25.64 66.74 31.36 65.5 35.16 64.07 39.51 62.09 43.63 56.26 44.79 49.54 44.82 44.38 44.59 40.96 44.24 37.98 43.11 34.03 41.5 30.88 39.74 27.03 36.31 24.66 33.89 20.26 33.12 12.99 32.13 2.09 30.04 0 27.18 2.2 22.77 12.88 20.13 17.17 18.04 21.8 16.94 27.74 16.28 31.93 14.63 32.92 13.74 30.83 13.63 23.94 12.42 23.23;
						11.04 25.81 9.03 25.87 6.72 27.79 3.63 33.91 0.79 42.38 0 52.51 3.22 64.49 6.94 66.72 12.33 68.92 19.71 69.8 26.42 70.6 32.15 69.36 35.95 67.93 40.29 65.94 44.42 60.11 45.58 53.39 45.61 48.23 45.49 46.55 44.26 44.04 42.38 40.51 40.07 36.55 33.69 27.08 29.28 20.15 28.84 12.22 31.6 4.29 32.45 0.75 30.72 0 25.1 4.95 21.14 11.34 18.83 17.39 16.62 23.45 15.96 29.28 17.06 35.78 15.41 36.77 12.99 34.13 11.89 29.5 11.04 25.81;
						5.95 35.42 3.63 37.82 1.49 43.18 0 51.44 0.99 57.63 2.48 61.43 5.45 64.73 8.67 67.65 13.46 69.52 19.57 70.43 28.65 70.84 33.94 70.35 38.56 68.28 41.2 65.15 45.25 58.05 46.32 52.84 45.58 48.05 43.43 42.03 36.74 32.84 31.38 26.09 28.98 18.33 28.73 11.72 29.97 6.19 31.46 1.24 31.46 0 30.22 0 24.85 4.54 19.24 10.98 15.11 19.9 12.8 28.82 13.62 36.41 15.94 42.11 14.78 44.84 12.97 44.79 9.99 43.35 7.02 39.38 5.95 35.42" />

			</polygon>
			
			</g>
		</g>
		
		
	</g>
</svg>